%YAML:1.0
cameraMatrix: !!opencv-matrix
   rows: 3
   cols: 3
   dt: d
   data: [ 3.6115740628454660e+02, 0., 2.5796009948284717e+02, 0.,
       3.6109342581997703e+02, 2.1237435080916472e+02, 0., 0., 1. ]
distortionCoefficients: !!opencv-matrix
   rows: 1
   cols: 5
   dt: d
   data: [ 8.3592703428429158e-02, -4.0000632473985087e-01,
       -3.0707500122179358e-04, 1.7208109017750404e-03,
       3.9750271502056195e-01 ]
rotation: !!opencv-matrix
   rows: 3
   cols: 3
   dt: d
   data: [ 1., 0., 0., 0., 1., 0., 0., 0., 1. ]
projection: !!opencv-matrix
   rows: 4
   cols: 4
   dt: d
   data: [ 3.6115740628454660e+02, 0., 2.5796009948284717e+02, 0., 0.,
       3.6109342581997703e+02, 2.1237435080916472e+02, 0., 0., 0., 1.,
       0., 0., 0., 0., 1. ]
