%YAML:1.0
rotation: !!opencv-matrix
   rows: 3
   cols: 3
   dt: d
   data: [ 9.9984736913009675e-01, -9.4827072698441314e-03,
       1.4673673925048194e-02, 9.4454783588779501e-03,
       9.9995199899416087e-01, 2.6043513882706188e-03,
       -1.4697665875783214e-02, -2.4653540143484598e-03,
       9.9988894415699381e-01 ]
translation: !!opencv-matrix
   rows: 3
   cols: 1
   dt: d
   data: [ -5.0553646489264421e-02, -2.9269605938644252e-03,
       -1.2932977141446936e-02 ]
essential: !!opencv-matrix
   rows: 3
   cols: 3
   dt: d
   data: [ 1.6517764454560357e-04, 1.2939572339585575e-02,
       -2.8929535208154283e-03, -1.3674023774797067e-02,
       -1.9929989523341323e-06, 5.0358257921982827e-02,
       2.4490104754460980e-03, -5.0578975373886087e-02,
       -8.8710194070625899e-05 ]
fundamental: !!opencv-matrix
   rows: 3
   cols: 3
   dt: d
   data: [ 6.5124052009175046e-08, 5.1025469846359261e-06,
       -1.5123839734315172e-03, -5.3880756765897505e-06,
       -7.8545511165884664e-10, 8.5565336691036959e-03,
       3.8384977427556679e-03, -2.5696489591037906e-02, 1. ]
