%YAML:1.0
cameraMatrix: !!opencv-matrix
   rows: 3
   cols: 3
   dt: d
   data: [ 1.0462615305000757e+03, 0., 9.4640516873719480e+02, 0.,
       1.0468707046601714e+03, 5.3635097774942926e+02, 0., 0., 1. ]
distortionCoefficients: !!opencv-matrix
   rows: 1
   cols: 5
   dt: d
   data: [ 3.6948583837047161e-02, -8.5657557571646226e-02,
       8.1910190615420205e-04, -3.5454784515742063e-03,
       2.9630352904411232e-02 ]
rotation: !!opencv-matrix
   rows: 3
   cols: 3
   dt: d
   data: [ 1., 0., 0., 0., 1., 0., 0., 0., 1. ]
projection: !!opencv-matrix
   rows: 4
   cols: 4
   dt: d
   data: [ 1.0462615305000757e+03, 0., 9.4640516873719480e+02, 0., 0.,
       1.0468707046601714e+03, 5.3635097774942926e+02, 0., 0., 0., 1.,
       0., 0., 0., 0., 1. ]
