%YAML:1.0
rotation: !!opencv-matrix
   rows: 3
   cols: 3
   dt: d
   data: [ 9.9997438412159723e-01, -5.7360405134580673e-03,
       4.2812311150241776e-03, 5.7383251685609905e-03,
       9.9998339966629501e-01, -5.2155162612052954e-04,
       -4.2781684039017130e-03, 5.4610536237725642e-04,
       9.9999069947877073e-01 ]
translation: !!opencv-matrix
   rows: 3
   cols: 1
   dt: d
   data: [ -5.0419250840444643e-02, 1.0416083298928479e-02,
       -1.4626849360237826e-02 ]
essential: !!opencv-matrix
   rows: 3
   cols: 3
   dt: d
   data: [ 3.9371859358718802e-05, 1.4632294828601908e-02,
       1.0408357766855780e-02, -1.4842176726537183e-02,
       1.1143442376558320e-04, 5.0356160992536023e-02,
       -1.0705138537882974e-02, -5.0358666788261328e-02,
       -1.8297417652443508e-05 ]
fundamental: !!opencv-matrix
   rows: 3
   cols: 3
   dt: d
   data: [ 2.4034748796299779e-08, 8.9266936264102443e-06,
       5.0347807926809352e-04, -9.0264356307479999e-06,
       6.7727116643030348e-08, 1.3216013845068934e-02,
       -2.3277938162449751e-03, -3.9891967487628410e-02, 1. ]
