%YAML:1.0
cameraMatrix: !!opencv-matrix
   rows: 3
   cols: 3
   dt: d
   data: [ 3.5821099953212030e+02, 0., 2.5030098108441163e+02, 0.,
       3.5843828728314497e+02, 1.9789177864302223e+02, 0., 0., 1. ]
distortionCoefficients: !!opencv-matrix
   rows: 1
   cols: 5
   dt: d
   data: [ 6.3688907839681494e-02, -2.1477668474715614e-01,
       -9.2064064504257734e-03, -8.0376298006129912e-04,
       1.2413328834046562e-02 ]
rotation: !!opencv-matrix
   rows: 3
   cols: 3
   dt: d
   data: [ 1., 0., 0., 0., 1., 0., 0., 0., 1. ]
projection: !!opencv-matrix
   rows: 4
   cols: 4
   dt: d
   data: [ 3.5821099953212030e+02, 0., 2.5030098108441163e+02, 0., 0.,
       3.5843828728314497e+02, 1.9789177864302223e+02, 0., 0., 0., 1.,
       0., 0., 0., 0., 1. ]
