%YAML:1.0
cameraMatrix: !!opencv-matrix
   rows: 3
   cols: 3
   dt: d
   data: [ 1.0234517665105528e+03, 0., 9.4283319053267405e+02, 0.,
       1.0273119765881679e+03, 4.8558810992002316e+02, 0., 0., 1. ]
distortionCoefficients: !!opencv-matrix
   rows: 1
   cols: 5
   dt: d
   data: [ 6.3379034598450221e-03, -1.1358489361490132e-02,
       -9.8458199794513764e-03, -3.2233394816236116e-03,
       -1.3032308919138487e-02 ]
rotation: !!opencv-matrix
   rows: 3
   cols: 3
   dt: d
   data: [ 1., 0., 0., 0., 1., 0., 0., 0., 1. ]
projection: !!opencv-matrix
   rows: 4
   cols: 4
   dt: d
   data: [ 1.0234517665105528e+03, 0., 9.4283319053267405e+02, 0., 0.,
       1.0273119765881679e+03, 4.8558810992002316e+02, 0., 0., 0., 1.,
       0., 0., 0., 0., 1. ]
