%YAML:1.0
cameraMatrix: !!opencv-matrix
   rows: 3
   cols: 3
   dt: d
   data: [ 3.8427420005736877e+02, 0., 2.5863658284380574e+02, 0.,
       3.8157469304257421e+02, 2.1186947659493023e+02, 0., 0., 1. ]
distortionCoefficients: !!opencv-matrix
   rows: 1
   cols: 5
   dt: d
   data: [ 3.1787624161674036e-02, -1.0707772268629745e-01,
       1.6424433887979963e-02, 2.0747129460083103e-02,
       1.0878124310787561e-01 ]
rotation: !!opencv-matrix
   rows: 3
   cols: 3
   dt: d
   data: [ 1., 0., 0., 0., 1., 0., 0., 0., 1. ]
projection: !!opencv-matrix
   rows: 4
   cols: 4
   dt: d
   data: [ 3.8427420005736877e+02, 0., 2.5863658284380574e+02, 0., 0.,
       3.8157469304257421e+02, 2.1186947659493023e+02, 0., 0., 0., 1.,
       0., 0., 0., 0., 1. ]
