%YAML:1.0
rotation: !!opencv-matrix
   rows: 3
   cols: 3
   dt: d
   data: [ 9.9949923150021158e-01, -8.0087998717117779e-03,
       3.0612829910043757e-02, 7.0905152230136097e-03,
       9.9952509535567091e-01, 2.9988470252903767e-02,
       -3.0838463391657703e-02, -2.9756392235147578e-02,
       9.9908135119057717e-01 ]
translation: !!opencv-matrix
   rows: 3
   cols: 1
   dt: d
   data: [ -4.3136560418294896e-02, -5.0590946569785402e-03,
       -4.3137453802881823e-02 ]
essential: !!opencv-matrix
   rows: 3
   cols: 3
   dt: d
   data: [ 4.6188147824554368e-04, 4.3267508030694096e-02,
       -3.7608208755414178e-03, -4.4446117164157882e-02,
       -9.3810917699943194e-04, 4.1776373532404043e-02,
       4.7507007834225110e-03, -4.3156591942051653e-02,
       -1.1387262546837275e-03 ]
fundamental: !!opencv-matrix
   rows: 3
   cols: 3
   dt: d
   data: [ 1.2653933061960931e-07, 1.1937641495267694e-05,
       -2.9578799673164926e-03, -1.2175909798224599e-05,
       -2.5881094791990099e-07, 7.6018112112099835e-03,
       7.7058147616468880e-03, -2.3926795199508879e-02, 1. ]
