%YAML:1.0
cameraMatrix: !!opencv-matrix
   rows: 3
   cols: 3
   dt: d
   data: [ 1.0759573465416722e+03, 0., 9.4255569622638041e+02, 0.,
       1.0760252077880202e+03, 5.2765660795263193e+02, 0., 0., 1. ]
distortionCoefficients: !!opencv-matrix
   rows: 1
   cols: 5
   dt: d
   data: [ 5.9810476184051380e-02, -4.8194929564189810e-02,
       -2.2260051808324741e-03, -8.6913226196706026e-03,
       1.9035584691944405e-03 ]
rotation: !!opencv-matrix
   rows: 3
   cols: 3
   dt: d
   data: [ 1., 0., 0., 0., 1., 0., 0., 0., 1. ]
projection: !!opencv-matrix
   rows: 4
   cols: 4
   dt: d
   data: [ 1.0759573465416722e+03, 0., 9.4255569622638041e+02, 0., 0.,
       1.0760252077880202e+03, 5.2765660795263193e+02, 0., 0., 0., 1.,
       0., 0., 0., 0., 1. ]
