%YAML:1.0
rotation: !!opencv-matrix
   rows: 3
   cols: 3
   dt: d
   data: [ 9.9995666249003212e-01, -2.0421804975776091e-03,
       -9.0830964219957636e-03, 2.4095490853221504e-03,
       9.9917176094836591e-01, 4.0620022114062175e-02,
       8.9926200298568043e-03, -4.0640147910124429e-02,
       9.9913338006636621e-01 ]
translation: !!opencv-matrix
   rows: 3
   cols: 1
   dt: d
   data: [ -3.5125568268829441e-02, 2.2286446959137686e-03,
       -2.0875417629620713e-01 ]
essential: !!opencv-matrix
   rows: 3
   cols: 3
   dt: d
   data: [ 5.2304478948361299e-04, 2.0849070548512585e-01,
       1.0706312565550071e-02, -2.0842925852123667e-01,
       -1.0011945822524094e-03, 3.6991262062980208e-02,
       -2.3131848928956236e-03, -3.5091924606744332e-02,
       -1.4065583651854982e-03 ]
fundamental: !!opencv-matrix
   rows: 3
   cols: 3
   dt: d
   data: [ 4.2542659413047722e-08, 1.7065522121073058e-05,
       -3.6050352416987928e-03, -1.6984577030442927e-05,
       -8.2103499735986677e-08, 5.4893292542465321e-03,
       9.5017933907199092e-03, -1.9298598525247020e-02, 1. ]
