%YAML:1.0
cameraMatrix: !!opencv-matrix
   rows: 3
   cols: 3
   dt: d
   data: [ 4.0926194551172108e+02, 0., 2.4944150854093735e+02, 0.,
       4.0668133268905007e+02, 2.3150856811525875e+02, 0., 0., 1. ]
distortionCoefficients: !!opencv-matrix
   rows: 1
   cols: 5
   dt: d
   data: [ 3.3063367513949615e-01, -2.1523187329544458e+00,
       8.9235894447111542e-03, -5.5047001130742110e-03,
       5.0406467984065610e+00 ]
rotation: !!opencv-matrix
   rows: 3
   cols: 3
   dt: d
   data: [ 1., 0., 0., 0., 1., 0., 0., 0., 1. ]
projection: !!opencv-matrix
   rows: 4
   cols: 4
   dt: d
   data: [ 4.0926194551172108e+02, 0., 2.4944150854093735e+02, 0., 0.,
       4.0668133268905007e+02, 2.3150856811525875e+02, 0., 0., 0., 1.,
       0., 0., 0., 0., 1. ]
