%YAML:1.0
cameraMatrix: !!opencv-matrix
   rows: 3
   cols: 3
   dt: d
   data: [ 1.0755672598400006e+03, 0., 9.5258025725690811e+02, 0.,
       1.0735623596332293e+03, 5.7373715381728607e+02, 0., 0., 1. ]
distortionCoefficients: !!opencv-matrix
   rows: 1
   cols: 5
   dt: d
   data: [ 5.2631704527700884e-02, -2.9603607813095102e-02,
       6.7712038683719038e-03, 1.1011290016935788e-03,
       -1.4730416846851982e-02 ]
rotation: !!opencv-matrix
   rows: 3
   cols: 3
   dt: d
   data: [ 1., 0., 0., 0., 1., 0., 0., 0., 1. ]
projection: !!opencv-matrix
   rows: 4
   cols: 4
   dt: d
   data: [ 1.0755672598400006e+03, 0., 9.5258025725690811e+02, 0., 0.,
       1.0735623596332293e+03, 5.7373715381728607e+02, 0., 0., 0., 1.,
       0., 0., 0., 0., 1. ]
