%YAML:1.0
cameraMatrix: !!opencv-matrix
   rows: 3
   cols: 3
   dt: d
   data: [ 3.6981267433041597e+02, 0., 2.4658133877737720e+02, 0.,
       3.6856385825750255e+02, 2.1543915996022892e+02, 0., 0., 1. ]
distortionCoefficients: !!opencv-matrix
   rows: 1
   cols: 5
   dt: d
   data: [ 1.1628297851210978e-01, -3.5626638183313286e-01,
       8.5621351813323018e-03, -3.0742737777405653e-03,
       2.9248386529189935e-01 ]
rotation: !!opencv-matrix
   rows: 3
   cols: 3
   dt: d
   data: [ 1., 0., 0., 0., 1., 0., 0., 0., 1. ]
projection: !!opencv-matrix
   rows: 4
   cols: 4
   dt: d
   data: [ 3.6981267433041597e+02, 0., 2.4658133877737720e+02, 0., 0.,
       3.6856385825750255e+02, 2.1543915996022892e+02, 0., 0., 0., 1.,
       0., 0., 0., 0., 1. ]
