%YAML:1.0
cameraMatrix: !!opencv-matrix
   rows: 3
   cols: 3
   dt: d
   data: [ 1.0718595907491933e+03, 0., 9.0025893145908617e+02, 0.,
       1.0730721451658576e+03, 5.4683067673088851e+02, 0., 0., 1. ]
distortionCoefficients: !!opencv-matrix
   rows: 1
   cols: 5
   dt: d
   data: [ 4.2144085696876769e-02, 3.9956391277312910e-02,
       -3.0451463106881799e-05, -1.4506730846881807e-02,
       -1.1819019025000616e-01 ]
rotation: !!opencv-matrix
   rows: 3
   cols: 3
   dt: d
   data: [ 1., 0., 0., 0., 1., 0., 0., 0., 1. ]
projection: !!opencv-matrix
   rows: 4
   cols: 4
   dt: d
   data: [ 1.0718595907491933e+03, 0., 9.0025893145908617e+02, 0., 0.,
       1.0730721451658576e+03, 5.4683067673088851e+02, 0., 0., 0., 1.,
       0., 0., 0., 0., 1. ]
