%YAML:1.0
rotation: !!opencv-matrix
   rows: 3
   cols: 3
   dt: d
   data: [ 9.9926399796620557e-01, -6.6104529221459188e-03,
       3.7785768230368451e-02, 5.5073832070992928e-03,
       9.9955775536920899e-01, 2.9222635258969443e-02,
       -3.7962232531888719e-02, -2.8993026634566734e-02,
       9.9885848512577702e-01 ]
translation: !!opencv-matrix
   rows: 3
   cols: 1
   dt: d
   data: [ -5.2989033666278218e-02, -1.4614114043183208e-02,
       2.5471435615251978e-02 ]
essential: !!opencv-matrix
   rows: 3
   cols: 3
   dt: d
   data: [ 4.1450343878671170e-04, -2.5036463611917990e-02,
       -1.5341774287136156e-02, 2.3441106569156153e-02,
       -1.7046901904204518e-03, 5.3891003658830122e-02,
       1.4311527111351242e-02, -5.3062205463529834e-02,
       -9.9627367742700728e-04 ]
fundamental: !!opencv-matrix
   rows: 3
   cols: 3
   dt: d
   data: [ 8.0526936294710086e-07, -4.8803960753084823e-05,
       -7.0653419181475178e-04, 4.5488343769228885e-05,
       -3.3192237010170747e-06, 2.8172601822638001e-02,
       4.2020442529639027e-03, -6.5116506728573734e-02, 1. ]
