%YAML:1.0
cameraMatrix: !!opencv-matrix
   rows: 3
   cols: 3
   dt: d
   data: [ 3.6120260869404228e+02, 0., 2.5186762387346553e+02, 0.,
       3.6099449914363026e+02, 2.1118177246376564e+02, 0., 0., 1. ]
distortionCoefficients: !!opencv-matrix
   rows: 1
   cols: 5
   dt: d
   data: [ 7.5564641605914723e-02, -2.5920412207780491e-01,
       2.9104996137620232e-04, -1.4227369704551864e-03,
       9.4364874015994304e-02 ]
rotation: !!opencv-matrix
   rows: 3
   cols: 3
   dt: d
   data: [ 1., 0., 0., 0., 1., 0., 0., 0., 1. ]
projection: !!opencv-matrix
   rows: 4
   cols: 4
   dt: d
   data: [ 3.6120260869404228e+02, 0., 2.5186762387346553e+02, 0., 0.,
       3.6099449914363026e+02, 2.1118177246376564e+02, 0., 0., 0., 1.,
       0., 0., 0., 0., 1. ]
