%YAML:1.0
cameraMatrix: !!opencv-matrix
   rows: 3
   cols: 3
   dt: d
   data: [ 1.0329197223416606e+03, 0., 9.6025616144823050e+02, 0.,
       1.0334520820958326e+03, 5.4500927105598851e+02, 0., 0., 1. ]
distortionCoefficients: !!opencv-matrix
   rows: 1
   cols: 5
   dt: d
   data: [ 2.5863456879832037e-02, -4.5541595066062202e-02,
       -1.9958123092706509e-04, -1.4048348270770787e-03,
       1.1378593008117626e-02 ]
rotation: !!opencv-matrix
   rows: 3
   cols: 3
   dt: d
   data: [ 1., 0., 0., 0., 1., 0., 0., 0., 1. ]
projection: !!opencv-matrix
   rows: 4
   cols: 4
   dt: d
   data: [ 1.0329197223416606e+03, 0., 9.6025616144823050e+02, 0., 0.,
       1.0334520820958326e+03, 5.4500927105598851e+02, 0., 0., 0., 1.,
       0., 0., 0., 0., 1. ]
