%YAML:1.0
rotation: !!opencv-matrix
   rows: 3
   cols: 3
   dt: d
   data: [ 9.9986361026414905e-01, 1.5707938130173002e-02,
       -5.1011321528149495e-03, -1.5683968846580847e-02,
       9.9986592759553816e-01, 4.7053113322567276e-03,
       5.1743589710520534e-03, -4.6246635783199624e-03,
       9.9997591895806470e-01 ]
translation: !!opencv-matrix
   rows: 3
   cols: 1
   dt: d
   data: [ -5.0215132795479060e-02, 2.4255226996797963e-04,
       -7.3677438568597519e-03 ]
essential: !!opencv-matrix
   rows: 3
   cols: 3
   dt: d
   data: [ -1.1430041260651791e-04, 7.3656343230766438e-03,
       2.7721395771944211e-04, -7.1069078493584403e-03,
       -3.4796016038226749e-04, 5.0251507397842364e-02,
       5.4505339006326510e-04, -5.0212210327934791e-02,
       -2.3504054221027215e-04 ]
fundamental: !!opencv-matrix
   rows: 3
   cols: 3
   dt: d
   data: [ -9.5404112367516222e-08, 6.1514818239350881e-06,
       -1.1914749182609301e-03, -5.9289284132302419e-06,
       -2.9045264706217564e-07, 1.6697070618737549e-02,
       3.7928544029274358e-03, -4.9064415212730597e-02, 1. ]
