%YAML:1.0
cameraMatrix: !!opencv-matrix
   rows: 3
   cols: 3
   dt: d
   data: [ 1.0362069554344009e+03, 0., 9.5543924363664007e+02, 0.,
       1.0356784897516384e+03, 5.2235819748631968e+02, 0., 0., 1. ]
distortionCoefficients: !!opencv-matrix
   rows: 1
   cols: 5
   dt: d
   data: [ 3.6896838674404839e-02, -4.9367647566469636e-02,
       -3.0244594142260560e-03, -8.6061354936881908e-04,
       2.3946972839501090e-03 ]
rotation: !!opencv-matrix
   rows: 3
   cols: 3
   dt: d
   data: [ 1., 0., 0., 0., 1., 0., 0., 0., 1. ]
projection: !!opencv-matrix
   rows: 4
   cols: 4
   dt: d
   data: [ 1.0362069554344009e+03, 0., 9.5543924363664007e+02, 0., 0.,
       1.0356784897516384e+03, 5.2235819748631968e+02, 0., 0., 0., 1.,
       0., 0., 0., 0., 1. ]
