%YAML:1.0
cameraMatrix: !!opencv-matrix
   rows: 3
   cols: 3
   dt: d
   data: [ 3.5524629796447994e+02, 0., 2.5433017684639537e+02, 0.,
       3.5519360720704742e+02, 2.0219325433213595e+02, 0., 0., 1. ]
distortionCoefficients: !!opencv-matrix
   rows: 1
   cols: 5
   dt: d
   data: [ 6.5737181817235327e-02, -2.3894155109979806e-01,
       -4.2644731299228958e-03, 1.2277792947393822e-03,
       8.4252531434423003e-02 ]
rotation: !!opencv-matrix
   rows: 3
   cols: 3
   dt: d
   data: [ 1., 0., 0., 0., 1., 0., 0., 0., 1. ]
projection: !!opencv-matrix
   rows: 4
   cols: 4
   dt: d
   data: [ 3.5524629796447994e+02, 0., 2.5433017684639537e+02, 0., 0.,
       3.5519360720704742e+02, 2.0219325433213595e+02, 0., 0., 0., 1.,
       0., 0., 0., 0., 1. ]
