%YAML:1.0
rotation: !!opencv-matrix
   rows: 3
   cols: 3
   dt: d
   data: [ 9.9992014245254279e-01, -1.0217063263134752e-02,
       7.4377641777465531e-03, 1.0278890745444538e-02,
       9.9991253698082483e-01, -8.3224271468019771e-03,
       -7.3520828837739752e-03, 8.3982145035545568e-03,
       9.9993770649497082e-01 ]
translation: !!opencv-matrix
   rows: 3
   cols: 1
   dt: d
   data: [ -5.8384165086970224e-02, -9.7715541217315606e-03,
       1.0911774482234394e-02 ]
essential: !!opencv-matrix
   rows: 3
   cols: 3
   dt: d
   data: [ -4.0319661935563333e-05, -1.0992883713041014e-02,
       -9.6801329692050072e-03, 1.0481657873866490e-02,
       3.7883645181326867e-04, 5.8461687338048365e-02,
       9.1706493351915892e-03, -5.8478895218260572e-02,
       5.5857647567069595e-04 ]
fundamental: !!opencv-matrix
   rows: 3
   cols: 3
   dt: d
   data: [ -2.2730294172955247e-08, -6.1981806266730736e-06,
       -6.7963711963323656e-04, 5.9120718174984046e-06,
       2.1371052021811433e-07, 1.0167316774220206e-02,
       2.2906600538307280e-03, -2.8355972578600938e-02, 1. ]
