%YAML:1.0
cameraMatrix: !!opencv-matrix
   rows: 3
   cols: 3
   dt: d
   data: [ 3.5839449265741791e+02, 0., 2.5127384770076358e+02, 0.,
       3.5849258404578234e+02, 2.0569226085272777e+02, 0., 0., 1. ]
distortionCoefficients: !!opencv-matrix
   rows: 1
   cols: 5
   dt: d
   data: [ 7.3750724740063778e-02, -2.8841394773266998e-01,
       -4.8609757521606459e-05, -2.2293775755564916e-04,
       1.7853595055605151e-01 ]
rotation: !!opencv-matrix
   rows: 3
   cols: 3
   dt: d
   data: [ 1., 0., 0., 0., 1., 0., 0., 0., 1. ]
projection: !!opencv-matrix
   rows: 4
   cols: 4
   dt: d
   data: [ 3.5839449265741791e+02, 0., 2.5127384770076358e+02, 0., 0.,
       3.5849258404578234e+02, 2.0569226085272777e+02, 0., 0., 0., 1.,
       0., 0., 0., 0., 1. ]
