%YAML:1.0
cameraMatrix: !!opencv-matrix
   rows: 3
   cols: 3
   dt: d
   data: [ 1.0377489232082064e+03, 0., 9.9951828640067060e+02, 0.,
       1.0375064245019923e+03, 5.4305269037287667e+02, 0., 0., 1. ]
distortionCoefficients: !!opencv-matrix
   rows: 1
   cols: 5
   dt: d
   data: [ 2.1305809994507707e-02, -1.6413349520840219e-02,
       5.7499806049670830e-04, 3.6507148550257245e-03,
       -1.7706725768863035e-02 ]
rotation: !!opencv-matrix
   rows: 3
   cols: 3
   dt: d
   data: [ 1., 0., 0., 0., 1., 0., 0., 0., 1. ]
projection: !!opencv-matrix
   rows: 4
   cols: 4
   dt: d
   data: [ 1.0377489232082064e+03, 0., 9.9951828640067060e+02, 0., 0.,
       1.0375064245019923e+03, 5.4305269037287667e+02, 0., 0., 0., 1.,
       0., 0., 0., 0., 1. ]
