%YAML:1.0
rotation: !!opencv-matrix
   rows: 3
   cols: 3
   dt: d
   data: [ 9.9989464489621893e-01, 8.3718182665270639e-03,
       -1.1857983250811683e-02, -8.4569211646225752e-03,
       9.9993871302557202e-01, -7.1449756597346311e-03,
       1.1797440073153385e-02, 7.2445049296059830e-03,
       9.9990416418577099e-01 ]
translation: !!opencv-matrix
   rows: 3
   cols: 1
   dt: d
   data: [ -5.6056880747823369e-02, 4.6145069791313394e-03,
       1.7773395800338355e-02 ]
essential: !!opencv-matrix
   rows: 3
   cols: 3
   dt: d
   data: [ 2.0474757666454546e-04, -1.7738876704126424e-02,
       4.7410552244819765e-03, 1.8432850973689623e-02,
       5.5489998853542916e-04, 5.5840751861303307e-02,
       -4.1399521960506632e-03, -5.6092077005025373e-02,
       4.5524379497313786e-04 ]
fundamental: !!opencv-matrix
   rows: 3
   cols: 3
   dt: d
   data: [ -5.5797189779424523e-07, 4.8328222526844379e-05,
       -1.4431059028173560e-02, -5.0244388462520101e-05,
       -1.5121362332164956e-06, -4.1615482593285721e-02,
       3.9551011930277817e-02, 1.1110356952680862e-01, 1. ]
