%YAML:1.0
rotation: !!opencv-matrix
   rows: 3
   cols: 3
   dt: d
   data: [ 9.9978097451280745e-01, -4.1762342637464726e-03,
       2.0507610041040170e-02, 4.2146786931352024e-03,
       9.9998944047912475e-01, -1.8317788514755949e-03,
       -2.0499743552900702e-02, 1.9178106323073352e-03,
       9.9978801879030532e-01 ]
translation: !!opencv-matrix
   rows: 3
   cols: 1
   dt: d
   data: [ -5.0849786212931618e-02, 1.0050217017697398e-03,
       -2.8484432615789920e-02 ]
essential: !!opencv-matrix
   rows: 3
   cols: 3
   dt: d
   data: [ 9.9450044080435677e-05, 2.8486059275134444e-02,
       9.5263147479174358e-04, -2.9520601376143766e-02,
       2.1647792412315465e-04, 5.0254859377412579e-02,
       -1.2191170869039936e-03, -5.0845052057485865e-02,
       7.2534969844227030e-05 ]
fundamental: !!opencv-matrix
   rows: 3
   cols: 3
   dt: d
   data: [ 4.8634543640091702e-08, 1.3919247651862640e-05,
       -2.7280287902772256e-03, -1.4468499952438480e-05,
       1.0601210171796837e-07, 1.2595875290640239e-02,
       7.4213072863251418e-03, -3.8722729643477234e-02, 1. ]
