%YAML:1.0
cameraMatrix: !!opencv-matrix
   rows: 3
   cols: 3
   dt: d
   data: [ 1.0421251028475385e+03, 0., 9.1759900653528530e+02, 0.,
       1.0398277796218756e+03, 5.5895495315538676e+02, 0., 0., 1. ]
distortionCoefficients: !!opencv-matrix
   rows: 1
   cols: 5
   dt: d
   data: [ 4.3061247292493559e-03, 3.4995800259871396e-02,
       -1.1835569719528532e-03, -5.6635316718450669e-03,
       -7.1645754034040512e-02 ]
rotation: !!opencv-matrix
   rows: 3
   cols: 3
   dt: d
   data: [ 1., 0., 0., 0., 1., 0., 0., 0., 1. ]
projection: !!opencv-matrix
   rows: 4
   cols: 4
   dt: d
   data: [ 1.0421251028475385e+03, 0., 9.1759900653528530e+02, 0., 0.,
       1.0398277796218756e+03, 5.5895495315538676e+02, 0., 0., 0., 1.,
       0., 0., 0., 0., 1. ]
