%YAML:1.0
cameraMatrix: !!opencv-matrix
   rows: 3
   cols: 3
   dt: d
   data: [ 3.6151961403837089e+02, 0., 2.5665182967154198e+02, 0.,
       3.6181647776714505e+02, 2.0719279364508660e+02, 0., 0., 1. ]
distortionCoefficients: !!opencv-matrix
   rows: 1
   cols: 5
   dt: d
   data: [ 1.0890170428583629e-01, -3.4326056610672084e-01,
       1.7846064837669184e-03, 1.9540321551439393e-04,
       2.0287641385556851e-01 ]
rotation: !!opencv-matrix
   rows: 3
   cols: 3
   dt: d
   data: [ 1., 0., 0., 0., 1., 0., 0., 0., 1. ]
projection: !!opencv-matrix
   rows: 4
   cols: 4
   dt: d
   data: [ 3.6151961403837089e+02, 0., 2.5665182967154198e+02, 0., 0.,
       3.6181647776714505e+02, 2.0719279364508660e+02, 0., 0., 0., 1.,
       0., 0., 0., 0., 1. ]
