%YAML:1.0
rotation: !!opencv-matrix
   rows: 3
   cols: 3
   dt: d
   data: [ 9.9994723734896584e-01, -3.5176010288201121e-03,
       9.6513730200996715e-03, 3.3350889485789206e-03,
       9.9981653716825081e-01, 1.8861844729315940e-02,
       -9.7159507963004276e-03, -1.8828661340886673e-02,
       9.9977551570951873e-01 ]
translation: !!opencv-matrix
   rows: 3
   cols: 1
   dt: d
   data: [ -5.1775388704732125e-02, -4.6848575339038618e-03,
       -1.0055001481383575e-02 ]
essential: !!opencv-matrix
   rows: 3
   cols: 3
   dt: d
   data: [ 7.9052169605594327e-05, 1.0141366358274735e-02,
       -4.4941499802894592e-03, -1.0557518081963771e-02,
       -9.3949177615846766e-04, 5.1666721373319867e-02,
       4.5119348217231257e-03, -5.1782369304986572e-02,
       -9.3136403494290529e-04 ]
fundamental: !!opencv-matrix
   rows: 3
   cols: 3
   dt: d
   data: [ 3.9520690879907091e-08, 5.0631052442815925e-06,
       -1.8709063122749467e-03, -5.2740302707388124e-06,
       -4.6868765625054167e-07, 1.0665426262110107e-02,
       5.1000355027325485e-03, -3.1507969345093756e-02, 1. ]
