%YAML:1.0
cameraMatrix: !!opencv-matrix
   rows: 3
   cols: 3
   dt: d
   data: [ 3.5890379897298402e+02, 0., 2.4732556670769165e+02, 0.,
       3.5939191816937705e+02, 2.0832238128476271e+02, 0., 0., 1. ]
distortionCoefficients: !!opencv-matrix
   rows: 1
   cols: 5
   dt: d
   data: [ 4.4021714249120381e-02, -2.1923829028510861e-01,
       2.3284273835258943e-03, -6.6193007844973794e-04,
       7.7664442988843910e-02 ]
rotation: !!opencv-matrix
   rows: 3
   cols: 3
   dt: d
   data: [ 1., 0., 0., 0., 1., 0., 0., 0., 1. ]
projection: !!opencv-matrix
   rows: 4
   cols: 4
   dt: d
   data: [ 3.5890379897298402e+02, 0., 2.4732556670769165e+02, 0., 0.,
       3.5939191816937705e+02, 2.0832238128476271e+02, 0., 0., 0., 1.,
       0., 0., 0., 0., 1. ]
