%YAML:1.0
cameraMatrix: !!opencv-matrix
   rows: 3
   cols: 3
   dt: d
   data: [ 1.0411581937829646e+03, 0., 9.5579962727745146e+02, 0.,
       1.0419495020339725e+03, 5.2887655128181075e+02, 0., 0., 1. ]
distortionCoefficients: !!opencv-matrix
   rows: 1
   cols: 5
   dt: d
   data: [ 6.0389337954019406e-02, -1.9092749244491078e-01,
       -3.8211150833464985e-03, -4.2589981559658383e-03,
       1.7612966224273191e-01 ]
rotation: !!opencv-matrix
   rows: 3
   cols: 3
   dt: d
   data: [ 1., 0., 0., 0., 1., 0., 0., 0., 1. ]
projection: !!opencv-matrix
   rows: 4
   cols: 4
   dt: d
   data: [ 1.0411581937829646e+03, 0., 9.5579962727745146e+02, 0., 0.,
       1.0419495020339725e+03, 5.2887655128181075e+02, 0., 0., 0., 1.,
       0., 0., 0., 0., 1. ]
