%YAML:1.0
rotation: !!opencv-matrix
   rows: 3
   cols: 3
   dt: d
   data: [ 9.9952046256886240e-01, -1.0369482893591887e-02,
       -2.9177366753134922e-02, 1.1523798667242454e-02,
       9.9914614052669859e-01, 3.9676087696237178e-02,
       2.8741032869475987e-02, -3.9993295627169148e-02,
       9.9878650838628846e-01 ]
translation: !!opencv-matrix
   rows: 3
   cols: 1
   dt: d
   data: [ -5.2780438604884967e-02, -8.8834437425951811e-03,
       -4.2524692398533875e-02 ]
essential: !!opencv-matrix
   rows: 3
   cols: 3
   dt: d
   data: [ 2.3472664498705106e-04, 4.2843660478865092e-02,
       -7.1854503332529230e-03, -4.0987335895972810e-02,
       -1.6699046140749617e-03, 5.3957148531446196e-02,
       8.2709526507517561e-03, -5.2827488245302208e-02,
       -2.3533168068418193e-03 ]
fundamental: !!opencv-matrix
   rows: 3
   cols: 3
   dt: d
   data: [ 4.6708213213291713e-08, 8.4845869757487127e-06,
       -2.4899133957255680e-03, -8.1905431232977935e-06,
       -3.3209929171119368e-07, 6.0795316859952086e-03,
       6.1592587587745475e-03, -1.9000388326550148e-02, 1. ]
