%YAML:1.0
cameraMatrix: !!opencv-matrix
   rows: 3
   cols: 3
   dt: d
   data: [ 1.0647986344185797e+03, 0., 9.4774351976448929e+02, 0.,
       1.0603160559680225e+03, 5.4343684169953201e+02, 0., 0., 1. ]
distortionCoefficients: !!opencv-matrix
   rows: 1
   cols: 5
   dt: d
   data: [ 6.1539117352496148e-02, -7.4139615285421942e-02,
       7.7214321085547002e-03, -6.4447909049288846e-04,
       2.2616916178003051e-02 ]
rotation: !!opencv-matrix
   rows: 3
   cols: 3
   dt: d
   data: [ 1., 0., 0., 0., 1., 0., 0., 0., 1. ]
projection: !!opencv-matrix
   rows: 4
   cols: 4
   dt: d
   data: [ 1.0647986344185797e+03, 0., 9.4774351976448929e+02, 0., 0.,
       1.0603160559680225e+03, 5.4343684169953201e+02, 0., 0., 0., 1.,
       0., 0., 0., 0., 1. ]
