%YAML:1.0
cameraMatrix: !!opencv-matrix
   rows: 3
   cols: 3
   dt: d
   data: [ 3.7161447632297967e+02, 0., 2.4375085465964804e+02, 0.,
       3.7340432972044539e+02, 2.2949639831939780e+02, 0., 0., 1. ]
distortionCoefficients: !!opencv-matrix
   rows: 1
   cols: 5
   dt: d
   data: [ 1.6793920588544409e-01, -1.0307239071350185e+00,
       1.6542609376333325e-02, -1.5091800639735318e-02,
       2.0169405735297188e+00 ]
rotation: !!opencv-matrix
   rows: 3
   cols: 3
   dt: d
   data: [ 1., 0., 0., 0., 1., 0., 0., 0., 1. ]
projection: !!opencv-matrix
   rows: 4
   cols: 4
   dt: d
   data: [ 3.7161447632297967e+02, 0., 2.4375085465964804e+02, 0., 0.,
       3.7340432972044539e+02, 2.2949639831939780e+02, 0., 0., 0., 1.,
       0., 0., 0., 0., 1. ]
